0	0.116875931437600	0.278771525688676	0.507746641174533	0.836670576528951	1.31451875000000	2.01426477807088	3.04463971181021	4.56765335744989	6.82470113108627	10.1754634018750	15.1558657066304	22.5644397575054	33.5910017724477	50.0083838268107	74.4581145197102	110.876084586064	165.126790773095	245.948362367033	366.360655412481	545.763320094204	Metodo de Euler 
y(0.0) = 0.0
h = 0.1
0.0	0.100000000000000	0.230000000000000	0.402000000000000	0.632800000000000	0.945920000000000	1.37428800000000	1.96400320000000	2.77960448000000	3.91144627200000	5.48602478080000	7.68043469312000	10.7426085703680	15.0196519985152	20.9975127979213	29.3565179170898	41.0491250839257	57.4087751174960	80.3022851644944	112.343199230292	157.190478922409	
Metodo de Euler Inverso
y(0.0) = 0.0
h = 0.1
0.0	0.150000000000000	0.383333333333333	0.755555555555556	1.35925925925926	2.34876543209877	3.98127572016462	6.68545953360770	11.1757658893462	18.6429431489103	31.0715719148505	51.7692865247508	86.2488108745847	143.698018124308	239.430030207180	398.966717011967	664.844528353278	1107.95754725546	1846.46257875910	3077.28763126517	5128.64605210862	
Metodo de Euler Aprimorado
y(0.0) = 0.0
h = 0.1
0.0	0.115000000000000	0.273200000000000	0.495336000000000	0.812097280000000	1.26890397440000	1.93297788211200	2.90380726552576	4.32863475297813	6.42537943440763	9.51656156292329	14.0795111131265	20.8206764474272	30.7856011421922	45.5216896904445	67.3191007418578	99.5672690979496	147.282558264965	217.889186232149	322.374995623580	477.001993522899	
Metodo de Runge-Kutta
y(0.0) = 0.0
h = 0.1
0.0	0.117200000000000	0.279737813333333	0.509907554076445	0.840966095334301	1.32252382328002	2.02858620464758	3.06954966101296	4.61009621432173	6.89588752611087	10.2933852856171	15.3492526100646	22.8789650935203	34.0989948621740	50.8239939357338	75.7609392203986	112.947918399709	168.408681474126	251.129057111003	374.513505461054	558.557906546436	
Metodo Adan-Bashforth 
y(0.0) = 0.0
h = 0.1
0.0	0.1	0.23	0.402	0.6328	1.00006933333333	1.56143411259259	2.37147895557696	3.55628975681026	5.32211215281102	7.94807143509720	11.8428794700379	17.6348445650433	26.2632360032403	39.1161985890128	58.2631806513791	86.7972738113463	129.329225597457	192.728523445518	287.238075250546	428.132098963996	
Metodo Adan-Bashforth por Euler
y(0.0) = 0.0
h = 0.1
0 0.0
1 0.1
2 0.22999999999999998
3 0.402
4 0.6328
5 0.9459200000000001
6 1.45035040000000
7 2.23691931688889
8 3.35844174442605
9 4.99695083498148
10 7.48198639667956
11 11.1802888333590
12 16.6249202050361
13 24.7500581304216
14 36.9138997900255
15 55.0062241322631
16 81.9320443028141
17 122.138411354335
18 182.125068886494
19 271.512719182195
20 404.819759848821

Metodo Adan-Bashforth por Euler Inverso
y(0.0) = 0.0
h = 0.1
0 0.0
1 0.15
2 0.38333333333333336
3 0.7555555555555555
4 1.3592592592592583
5 2.3487654320987668
6 3.63048696844994
7 5.33326633706753
8 8.01470643199664
9 12.1056400477394
10 17.9796467433874
11 26.6957112787995
12 39.9282983202218
13 59.6016575070268
14 88.6906715293378
15 132.207423551735
16 197.309427230620
17 294.173216562393
18 438.496623036580
19 654.039640290238
20 975.562510729452

Metodo Adan-Bashforth por Euler Aprimorado
y(0.0) = 0.0
h = 0.1
0 0.0
1 0.11499999999999999
2 0.2732
3 0.495336
4 0.8120972800000001
5 1.2689039744000001
6 1.94566533580800
7 2.95034555054123
8 4.43033073361869
9 6.62178245644458
10 9.88667894391047
11 14.7449658269955
12 21.9694362353666
13 32.7351647816092
14 48.7896601869608
15 72.7172842441211
16 108.386148255522
17 161.584447620544
18 240.924394284387
19 359.238976622275
20 535.696063138740

Metodo Adan-Bashforth por Runge-Kutta ( ordem = 6 )
y(0.0) = 0.0
h = 0.1
0 0.0
1 0.1172
2 0.27973781333333336
3 0.5099075540764445
4 0.8409660953343014
5 1.3225238232800218
6 2.02836134047985
7 3.06872220834702
8 4.60828020736213
9 6.89236515086689
10 10.2867228821220
11 15.3372283794532
12 22.8581235247808
13 34.0634846111728
14 50.7642408683034
15 75.6618503726721
16 112.785401547091
17 168.144096399825
18 250.701252221953
19 373.826207774336
20 557.459348935009

Metodo Adan-Multon 
y(0.0) = 0.0
h = 0.1
0.0	0.1	0.23	0.402	0.6328	1.00859187200000	1.56284510097408	2.37415667479702	3.57288195069802	5.34918114703502	7.98668067994102	11.9091180915048	17.7485006172868	26.4476402969738	39.4130916267961	58.7432111670333	87.5684139594607	130.558787959143	194.681370224018	290.329884414473	433.010131966598	
